$ANSIBLE_VAULT;1.1;AES256
66633833623930393835366366353535613362366361323835666538636263366165663130306237
6530613566303136653334323937343035343233633030360a383934653233373931346338383032
36343638393637343966353463393537343336376538323136316138366162303137613131353633
3863366536366463330a316463306332376563383638316230306333323864383236386263393564
33656165333131623830613935373030656564646463343232356330306239356631363631623835
38626132366239626130623738656138666461373364663762616138386531623630626232373137
39316338353430393132653736656239316535303536326636623262333564326637666232653064
66626332633731633733373939386561613532393039623835663561643662326337623732373164
61633832663431303737353262383836666666383461636139613264323734303236383764366330
64383435613232386132326264666165366361663836303664666662386139316366306562626433
38633932373632646634363738346365313130313337306237633138373061383931363966643433
63666565343663323065333562643064313861313332353238643239643636343661646433396334
37303338343866306239373339663633356561333732336164313434313731653431613164353438
36656463336464636566386164323033343466326531316434656136343765633131343263623566
64343262666461633561373265326237653533363837303962636537663763316133323836336232
35643937313831303936366365383934616562666237313662643533373837353563653633653361
64363939663962613965616262353130393265646436316133303933613937306432643464646362
65316365383763393934356433626365333832326338386131393933613637623730306266393264
34636366373634366666653932623438316339306461333834363466393862393632646435333162
65643030613562363130316633643533636233313266303331643863653535383861616637333332
38666138343336623036623633616133313765343264656561323739653161373836613061346231
64656138366437303161353533353437336335356634323436323838633236346438373366353235
32626338633062643437363630373235663863303138396638633866353735386232353164303531
63383565383461623361316163633937613733393031626638613731343862386532636638363963
33313036353265396161393235663531306237303233333861636638666639316138373633336532
35613163656162383037663232646162356137643337643231653034303764633433336530643234
30636138393131613135383634346265613532343464353266653037616438363463656264623436
34303830643139373063646432303732666563656532616233613630353030616237653034386530
31373239326634306133376364343366383830653636306435396134616261636461396339646439
39326566353465313037643936353238323162623732613834643334653737666535333533333765
37323431663138316336666330623064643731613035643233666165336131366363383361346661
30323433616434316332313437353937353461393666336536633964663631316366343261373631
32363431376462646664386334333964303939333735396636663532376361663737363239396365
37343638353061616438396139636530666236383336313466363936353063653366326236623432
32393663666665303931666134393032646530303562353934656461343766646465346237646639
39363565333163376331306162356564343266396134356331633737393563346464363164373831
35373661396164656138663466613066653463353831386530623132646462366234363034303466
63613461326461613934366532643335613762343737346364316638396362333530633864353633
30346565376436623531376433663831626432623261363435373439636666663231343738643331
61646364623564636261373436303032353236306537333331646331336366623431386633366435
39373939653862346662653965363662653065613461303938353136333530353331336134643439
39623833626539306332656432636232336438626365643064363838353734336232333934623334
64383862306530383462653930663061393263663132386561346337333734663730646364343763
63376364613065653835306132353963396234626262616432373733323430633832306336396264
62376562666130366338363830386438346632653565616430643865393863343666343633356136
32616164363734656138353566373535366664663931306661366661313636376238643238336134
35313731633763633030396235323036343037346563316632643164656234616533323866306133
32363634663236643630363830373461616262656131343764316231353532356634636561323964
32643764636665626263346631396433633232613761313839636563363332633531653830323232
33656366636532653733313035353264346139633764383237633738313436643035303463383133
33396232356537336430613165643132363734323434316136316430633066666264626661353238
38616533653334363636303038643137393435326535636635386262646236646564623165653138
32343863666638616233366632633939396665613435623936356639316466346365653864313736
30363831343933646562623961353530653566323938316234633362353966383438396334653165
61343034343832643137396238646466363038663763313966343266363066653938643766356464
64633231623532643231343331343632623965356137333165326130376365333565313831313730
64326635306263393236373962336430663062343037346432356438323135613237643066643162
64326234623666386234363864366535336263383763353565343165333138313835616261613562
35613666353635386466373231303765353430303434386630366634306434313833316637393361
62326133346162633838343739366539303138303232353064373434623439323535663037663930
66613839623831333536353930303730386335373762333537373733343862333965616563396566
38373863393236373063376261623036356166393764666431666334393235376465383530623734
63616639306338316338316338663330376637306239656232643232396631353965353563353066
38633739346132306239633730613663666638346161383866663763303237383439323863656534
61333366646438626435666565636362626232313661663938363363616235613663643731353661
33653565333233373862333863336636636161633461333033363866343337656165626666376534
63333365316138613532396538386631643037306534396237373939393461383537343163363565
38363134346331363232303033336361343431336139373038653230383265396639356462323865
38376462333035613761343436386362623866626332663035346537613838366331336461613862
65356164303936353061353866313333396262326232643536326661623131353833313137353234
32396139333136373834623036613833313238643930656539366137383837396138396136353031
35353935633863366332363234666563343965626263313132333963653965316133363165323563
30393239623732333932386539303264386164623534326335356137636630363437333566313731
61346234623138353563646666393466306366343662396264333635613836643566373237643963
36613239313262623038306137626262646633386464656563346231646235656464646239623336
30383965353165643739323930633036326237623436663533366466653837353963666334643363
37613338346666356563636433303839356634616364366665363634643062386638646230663264
63633261363336313265636261333335646362326235396334663430316563643830363333366266
30383464646132343038353065396361386631663166643064393230616535313161323738626632
30623231623830346164646263663566303261313338366264343666643236333066356137356639
35366531336632623333633937323439376261653938363766383231323161316337323264636262
39306439356337376465323762363063663538376238326263666563613663363638336637613166
36373865343665626335663666626132643361363536336466643833306637613135343965386333
63303463393436306661343834383839356436353736366337383362663837616135666562376330
38626438396234306234306562633031663638643162343739306330386430366337326136343331
30663139306130656633633238616632313636663661313533306539656533636434616434336137
39653238373639383538316136623561616663366337343561633063303232356135313338366538
38346435666563373562383839623833346563336432616632323236386462303835353936316137
33313362333730336139643132633962303564316337326539623764396463356664383332623830
37356130633563343165353337653765616566373436393832346237373834333262623161386163
33656461313564623765333966323036333339353837346235643163623766313766653066666363
66623435313366393832356565303035643836623232383366383264643932333930373539613764
38666139343638336664656662623065336166396462313164616166653962633066376461313961
37333538306636316438373161643131656138393365633736633962343835306133336134306637
61363436373233366132623261373461636366373465333762303035366233653437653238316134
35386431396233346536663661623534616239326132363930386136633838613635393565663634
31303466373362386230626562333438303937313762656335663036346636343264663837643738
65373535303635373261386166313239396461346464356562346332303232616630353638326633
33333163646533646562626462323835653133653365353362613639613333656633636635663530
66613862346430386636393661636432356366646138646265663934386465333361333237343862
31656539313038316430356466666330616234383065633762393837323266353735316139663435
30666234653334656265663962373961663838626662386138636431363835353631613438376134
39386134393235343437643232303233626436663465663362303861333938303263636234653734
62363633316166333931346565303233303164323139383065666235623632663139396261623264
36383465646635313638306534316166663264633961313065306438333764333566383565663463
66316438393965653063393966626262323061666661316464383238363332306231373762666266
33376562386237373164656435323763336366386436663461663362396231623535643564313661
30396161613932373539363435336134613662393733343762316435623234343436623833343662
62306330373035323736656336613764366430393034363931303939626336356361643364323835
35376561343835646334646532633235356166653163366633346438643036393662303034623537
30646431313535626439323034386233356638383663363330626239393838643132613865363364
65323539336434386232343437396661353362323262316166613865353062633338653630643436
37663565613134323334343832323932376264393866313663346239326561373031616363653133
34646435646662363831376331313965366662316465303061646164363865383135623933653261
32386633383562343636326131303539396635613433643161323932643363633264393731376531
65636261663031663061646463303537616663336435373539356565373539323335303838623338
61386566316239376465653263653065653337323230626266396663376233613533323131316161
38613734623264333038613537323939376461623161616230396633366530326662613938363030
31346534353162396335373737653166623965396433666333636363363333313035623061626338
61396365393336393664336663316661653736363531306130323738386231373936663063356430
35363932306433333837303235366636653763656638373666376236623730373237303637346363
34616232376166613432623533626336313435376631373036336265656234363937383633626131
32376231626530343439656139363562373066356133346464343364313265336463633732313966
32313430383263643830646135363431623731623939656565656132333462623964613431633836
33306335663530663830383638663938383133653061313564613166633334343239626637343162
35343131343037316662613634326137303438616336303438333931616261313564643165393035
66616133663131333866623465393733623736636438656330363236353463633864376262363237
31366239313764383039383465333362656266363535333134333136393438303564393264633037
64363432303133383037313664656463303462316332613738666466306662393036623838373963
63633234363864333866366165623830356630653039666631316236313034393837353763386138
61346134303233323135336561353262306263306463373335316265656664613135366137303162
35333965333837383935646564623438386638663137613530643937363064636332333930626262
37376266316666386366313164373133613538343333356532623539373632303534343131646661
3335376135363064346262313239643235393264353662336265
